4294967294,0
4294967278,132
4294967278,131
4294967278,130
4294967278,129
4294967278,128
4294967278,127
4294967278,255
4294967278,126
4294967278,125
4294967278,124
4294967278,123
4294967278,122
4294967278,251
4294967278,121
4294967278,120
4294967278,119
4294967278,0
4294967278,245
4294967278,118
4294967278,117
4294967278,241
4294967278,116
4294967278,239
4294967278,115
4294967278,114
4294967278,113
4294967278,112
4294967278,111
4294967278,110
4294967278,109
4294967278,227
4294967278,108
4294967278,107
4294967278,106
4294967278,105
4294967278,104
4294967278,217
4294967278,103
4294967278,215
4294967278,102
4294967278,544
4294967278,101
4294967278,100
4294967278,99
4294967278,98
4294967278,97
4294967278,96
4294967278,95
4294967278,94
4294967278,93
4294967278,92
4294967278,541
4294967278,91
4294967278,90
4294967278,89
4294967278,87
4294967278,86
4294967278,85
4294967278,84
4294967278,83
4294967278,82
4294967278,81
4294967278,80
4294967278,313
4294967278,79
4294967278,540
4294967278,78
4294967278,77
4294967278,538
4294967278,76
4294967278,537
4294967278,75
4294967278,74
4294967278,312
4294967278,73
4294967278,72
4294967278,71
4294967278,70
4294967278,69
4294967278,68
4294967278,305
4294967278,67
4294967278,304
4294967278,66
4294967278,303
4294967278,65
4294967278,301
4294967278,64
4294967278,63
4294967278,536
4294967278,62
4294967278,61
4294967278,60
4294967278,59
4294967278,58
4294967278,260
4294967278,57
4294967279,313
4294967279,74
4294967279,311
4294967279,70
4294967279,68
4294967279,65
4294967279,63
4294967279,62
4294967279,60
4294967279,56
4294967279,299
4294967279,54
4294967279,52
4294967279,50
4294967279,338
4294967279,49
4294967279,296
4294967279,44
4294967279,0
4294967279,335
4294967279,42
4294967279,41
4294967279,39
4294967279,38
4294967279,36
4294967279,35
4294967279,33
4294967279,31
4294967279,26
4294967279,25
4294967279,277
4294967279,24
4294967279,23
4294967279,289
4294967279,20
4294967279,355
4294967279,283
4294967279,16
4294967279,15
4294967279,14
4294967279,268
4294967279,13
4294967279,285
4294967279,332
4294967279,9
4294967279,8
4294967279,7
4294967279,6
4294967279,5
4294967279,4
4294967294,1169
4294967294,998
4294967294,996
0,5
4294967294,473
4294967294,27
4294967294,93
4294967294,95
4294967294,92
4294967294,88
4294967294,7
4294967294,6
4294967294,22
4294967294,17
4294967294,67
4294967294,99
4294967294,76
4294967294,36
4294967294,41
4294967294,1357
4294967294,51
4294967294,52
4294967294,25
4294967294,471
4294967294,26
4294967294,81
4294967294,1099
4294967294,1185
4294967294,68
4294967278,566
4294967278,565
4294967278,564
4294967279,372
42,6
42,5
42,4
42,3
42,2
42,1
4294967278,563
4294967278,562
4294967278,561
39,6
39,5
39,4
39,3
39,2
39,1
4294967279,371
4294967279,370
4294967278,560
4294967278,559
4294967279,369
4294967279,368
4294967279,367
4294967294,1023
4294967278,294
36,6
36,5
36,4
36,3
36,2
36,1
4294967278,558
4294967279,366
33,6
33,5
33,4
33,3
33,2
33,1
4294967279,365
4294967279,364
4294967278,557
4294967279,363
4294967294,474
4294967293,131
4294967293,130
4294967293,129
4294967293,128
4294967293,127
4294967293,126
4294967293,125
4294967293,124
4294967293,123
4294967293,122
4294967293,121
4294967293,120
4294967293,119
4294967293,118
4294967293,117
4294967293,116
4294967293,115
4294967293,114
4294967293,113
4294967293,112
4294967293,111
4294967293,110
4294967293,109
4294967293,108
4294967293,107
4294967293,106
4294967293,105
4294967293,104
4294967293,103
4294967293,102
4294967293,101
4294967293,100
4294967293,99
4294967293,98
4294967293,97
4294967293,96
4294967293,95
4294967293,94
4294967293,93
4294967293,92
4294967293,91
4294967293,90
4294967293,89
4294967293,88
4294967293,87
4294967293,86
4294967293,85
4294967293,84
4294967293,83
4294967293,82
4294967293,81
4294967293,80
4294967293,79
4294967293,78
4294967293,77
4294967293,76
4294967293,75
4294967293,74
4294967293,73
4294967293,72
4294967293,71
4294967293,70
4294967293,69
4294967293,68
4294967293,67
4294967293,66
4294967293,65
4294967293,64
4294967293,63
4294967293,62
4294967293,61
4294967293,60
4294967293,59
4294967293,58
4294967293,57
4294967293,56
4294967293,55
4294967293,54
4294967293,53
4294967293,52
4294967293,51
4294967293,50
4294967293,49
4294967293,48
4294967293,47
4294967293,46
4294967293,45
4294967293,44
4294967293,43
4294967293,42
4294967293,41
4294967293,40
4294967293,39
